%
%
% Run:01    Frame:  curres   **  Significant wave height                 , Unit:  0.1000E-01 m               
%
%
%         X --->
%
%     0   1   2   3   4   5   6   7   8   9  10  11  12  13  14  15  16  17  18  19  20  21  22  23  24  25  26  27  28  29  30  31  32  33  34  35  36  37  38  39  40  41  42  43  44  45  46  47  48  49  50  51  52  53  54  55  56  57  58  59  60  61  62  63  64  65  66  67  68  69  70  71  72  73  74  75  76  77  78  79  80  81  82  83  84  85  86  87  88  89  90  91  92  93  94  95  96  97  98  99 100 101 102 103 104
%Y
  188 ************************************************************************************************************************************************************************************************************************************************************************************************************************************************************************************************************************************
  187 ************************************************************************************************************************************************************************************************************************************************************************************************************************************************************************************************************************************
  186 ************************************************************************************************************************************************************************************************************************************************************************************************************************  3.  4.  4.  7.********************************************************************************************
  185 ************************************************************************************************************************************************************************************************************************************************************************************************************************  3.  4.  5.  5.  9.****************************************************************************************
  184 ************************************************************************************************************************************************************************************************************************************************************************************************************************  2.  3.  5.  6.  6.  8.************************************************************************************
  183 ********************************************************************************************************************************************************************************************************************************************************************************************************************************  4.  6.  7.  7.  8.********************************************************************************
  182 ********************************************************************************************************************************************************************************************************************************************************************************************************************************  3.  6.  7.  8.  9.  7.****************************************************************************
  181 ************************************************************************************************************************************************************************************************************************************************************************************************************************************  5.  8.  8. 10.  7.****************************************************************************
  180 ************************************************************************************************************************************************************************************************************************************************************************************************************************************  4.  8.  9. 11.  9.****************************************************************************
  179 ****************************************************************************************************************************************************************************************************************************************************************************************************************************************  6. 10. 12. 13.  7.************************************************************************
  178 ****************************************************************************************************************************************************************************************************************************************************************************************************************************************  5. 10. 12. 15.  9.************************************************************************
  177 ********************************************************************************************************************************************************************************************************************************************************************************************************************************************  9. 13. 16. 14.  7.********************************************************************
  176 ********************************************************************************************************************************************************************************************************************************************************************************************************************************************  8. 14. 17. 15.  7.********************************************************************
  175 ********************************************************************************************************************************************************************************************************************************************************************************************************************************************  6. 16. 18. 17.  7.********************************************************************
  174 ************************************************************************************************************************************************************************************************************************************************************************************************************************************************ 17. 19. 19.  7.********************************************************************
  173 ********************************************************************************************************************************************************************************************************************************************************************************************************************************************  4. 18. 20. 20. 10.********************************************************************
  172 ******************************************************************************************************************************************************************************************************************************************************************************************************************************************** 17. 20. 22. 22. 20.  7.****************************************************************
  171 ******************************************************************************************************************************************************************************************************************************************************************************************************************************************** 17. 21. 23. 23. 21. 10.****************************************************************
  170 ******************************************************************************************************************************************************************************************************************************************************************************************************************************************** 17. 22. 23. 23. 22. 19.  7.************************************************************
  169 ******************************************************************************************************************************************************************************************************************************************************************************************************************************************** 17. 20. 23. 24. 23. 20. 10.************************************************************
  168 ******************************************************************************************************************************************************************************************************************************************************************************************************************************************** 16. 19. 20. 21. 22. 19. 16.  6.********************************************************
  167 ******************************************************************************************************************************************************************************************************************************************************************************************************************************************** 16. 17. 20. 20. 20. 17. 13.  5.********************************************************
  166 ******************************************************************************************************************************************************************************************************************************************************************************************************************************************** 15. 16. 20. 20. 19. 14.  6.************************************************************
  165 ******************************************************************************************************************************************************************************************************************************************************************************************************************************************** 14. 16. 20. 20. 20. 11.****************************************************************
  164 ******************************************************************************************************************************************************************************************************************************************************************************************************************************************** 14. 15. 19. 20. 20. 18.  7.************************************************************
  163 ******************************************************************************************************************************************************************************************************************************************************************************************************************************************** 13. 15. 19. 20. 19. 19.  7.************************************************************
  162 ******************************************************************************************************************************************************************************************************************************************************************************************************************************************** 13. 15. 19. 19. 19. 21.  7.************************************************************
  161 ******************************************************************************************************************************************************************************************************************************************************************************************************************************************** 13. 14. 19. 20. 20. 23. 13.************************************************************
  160 ******************************************************************************************************************************************************************************************************************************************************************************************************************************************** 12. 15. 19. 20. 20. 25. 27.  7.********************************************************
  159 ******************************************************************************************************************************************************************************************************************************************************************************************************************************************** 12. 15. 20. 20. 22. 27. 30.  7.********************************************************
  158 ******************************************************************************************************************************************************************************************************************************************************************************************************************************************** 12. 16. 20. 21. 23. 29. 32.  8.********************************************************
  157 ****************************************************************************************************************************************************************************************************************************************************************************************************************************************  6. 13. 16. 20. 22. 25. 30. 34. 14.********************************************************
  156 **************************************************************************************************************************************************************************************************************************************************************************************************************************************** 10. 14. 17. 21. 23. 26. 32. 35. 33.  7.****************************************************
  155 ****************************************************************************************************************************************************************************************************************************************************************************************************************************************  7. 15. 18. 22. 24. 28. 33. 35. 33. 14.****************************************************
  154 **************************************************************************************************************************************************************************************************************************************************************************************************************************************** 18. 16. 19. 23. 25. 30. 34. 34. 31. 26.  6.************************************************
  153 **************************************************************************************************************************************************************************************************************************************************************************************************************************************** 18. 17. 20. 23. 27. 32. 34. 33. 29. 26. 14.************************************************
  152 **************************************************************************************************************************************************************************************************************************************************************************************************************************************** 19. 18. 21. 24. 28. 33. 33. 31. 28. 26. 27. 13.********************************************
  151 **************************************************************************************************************************************************************************************************************************************************************************************************************************************** 19. 19. 22. 25. 29. 33. 32. 31. 27. 27. 29. 27.  6.****************************************
  150 **************************************************************************************************************************************************************************************************************************************************************************************************************************************** 19. 20. 24. 26. 30. 32. 31. 31. 28. 28. 30. 28.  6.****************************************
  149 **************************************************************************************************************************************************************************************************************************************************************************************************************************************** 19. 21. 24. 27. 30. 32. 32. 32. 29. 28. 30. 27.  6.****************************************
  148 ************************************************************************************************************************************************************************************************************************************************************************************************************************************  8. 20. 21. 25. 28. 31. 32. 32. 32. 29. 28. 30. 29.  6.****************************************
  147 ************************************************************************************************************************************************************************************************************************************************************************************************************************************ 19. 20. 22. 25. 28. 32. 33. 33. 33. 29. 29. 31. 31.  6.****************************************
  146 ************************************************************************************************************************************************************************************************************************************************************************************************************************************ 18. 21. 22. 25. 29. 32. 34. 34. 33. 30. 31. 34. 32.  6.****************************************
  145 ************************************************************************************************************************************************************************************************************************************************************************************************************************************ 18. 21. 23. 26. 29. 32. 34. 35. 34. 30. 32. 34. 32.  6.****************************************
  144 ********************************************************************************************************************************************************************************************************************************************************************************************************************************  9. 17. 21. 23. 26. 29. 32. 34. 36. 35. 31. 32. 34. 33.  6.****************************************
  143 ******************************************************************************************************************************************************************************************************************************************************************************************************************************** 18. 18. 22. 24. 27. 28. 31. 36. 38. 36. 32. 33. 35. 34.  6.****************************************
  142 ******************************************************************************************************************************************************************************************************************************************************************************************************************************** 18. 18. 22. 24. 27. 29. 31. 36. 38. 37. 33. 34. 36. 35. 16.****************************************
  141 ******************************************************************************************************************************************************************************************************************************************************************************************************************************** 18. 18. 22. 25. 27. 30. 32. 36. 39. 37. 35. 35. 36. 34. 30. 15.************************************
  140 ******************************************************************************************************************************************************************************************************************************************************************************************************************************** 18. 18. 22. 25. 28. 31. 34. 36. 39. 38. 36. 36. 35. 31. 29. 30. 15.********************************
  139 ******************************************************************************************************************************************************************************************************************************************************************************************************************************** 18. 19. 22. 25. 28. 31. 35. 37. 38. 38. 37. 35. 33. 30. 30. 32. 32.  5.****************************
  138 ******************************************************************************************************************************************************************************************************************************************************************************************************************************** 18. 19. 23. 25. 28. 32. 35. 37. 38. 37. 36. 35. 33. 31. 32. 34. 33.  5.****************************
  137 ******************************************************************************************************************************************************************************************************************************************************************************************************************************** 17. 20. 23. 26. 29. 33. 36. 38. 38. 37. 36. 35. 33. 32. 34. 35. 33.  5.****************************
  136 ******************************************************************************************************************************************************************************************************************************************************************************************************************************** 17. 20. 24. 27. 30. 34. 37. 38. 37. 37. 36. 35. 34. 33. 35. 36. 30. 15.****************************
  135 **************************************************************************************************************************************************************************************************************************************************************************************************************************** 10. 19. 21. 25. 28. 31. 35. 37. 37. 37. 36. 36. 35. 34. 35. 36. 35. 25. 22.  4.************************
  134 **************************************************************************************************************************************************************************************************************************************************************************************************************************** 22. 20. 23. 26. 28. 32. 35. 37. 37. 36. 36. 36. 36. 35. 36. 36. 35. 18. 23.  4.************************
  133 **************************************************************************************************************************************************************************************************************************************************************************************************************************** 22. 21. 24. 27. 29. 32. 35. 36. 36. 36. 36. 36. 36. 36. 37. 36. 34. 33. 32. 16.************************
  132 **************************************************************************************************************************************************************************************************************************************************************************************************************************** 22. 22. 25. 28. 30. 33. 35. 36. 36. 36. 36. 36. 36. 36. 37. 36. 33. 33. 33. 33.************************
  131 **************************************************************************************************************************************************************************************************************************************************************************************************************************** 22. 23. 26. 29. 31. 33. 35. 35. 36. 36. 36. 36. 36. 37. 37. 35. 33. 33. 33. 34.************************
  130 ************************************************************************************************************************************************************************************************************************************************************************************************************************ 11. 22. 24. 27. 30. 32. 33. 35. 35. 36. 36. 36. 36. 36. 37. 37. 34. 33. 33. 34. 34.************************
  129 ************************************************************************************************************************************************************************************************************************************************************************************************************************ 17. 22. 24. 28. 30. 32. 33. 34. 35. 36. 36. 36. 36. 37. 37. 37. 34. 33. 34. 34. 34.************************
  128 ************************************************************************************************************************************************************************************************************************************************************************************************************************ 15. 21. 25. 28. 30. 32. 34. 35. 35. 36. 36. 36. 36. 37. 37. 37. 34. 34. 34. 35. 35.************************
  127 ******************************************************************************************************************************************************************************************************************************************************************************************************************** 11. 15. 21. 25. 28. 31. 32. 34. 35. 36. 36. 36. 36. 36. 37. 37. 37. 35. 34. 35. 35. 34.************************
  126 ******************************************************************************************************************************************************************************************************************************************************************************************************************** 15. 16. 21. 25. 28. 31. 33. 34. 35. 36. 36. 37. 36. 37. 37. 37. 37. 35. 35. 35. 35. 34.************************
  125 ******************************************************************************************************************************************************************************************************************************************************************************************************************** 16. 17. 20. 25. 29. 31. 33. 34. 35. 36. 36. 37. 37. 37. 37. 37. 37. 36. 36. 35. 34. 33.************************
  124 **************************************************************************************************************************************************************************************************************************************************************************************************************** 11. 17. 18. 20. 25. 29. 32. 33. 35. 35. 36. 37. 37. 37. 37. 37. 37. 37. 36. 36. 34. 33. 32.************************
  123 **************************************************************************************************************************************************************************************************************************************************************************************************************** 16. 17. 19. 21. 25. 29. 32. 34. 35. 36. 36. 37. 37. 37. 37. 37. 37. 37. 36. 35. 33. 32. 31.************************
  122 **************************************************************************************************************************************************************************************************************************************************************************************************************** 15. 16. 19. 21. 26. 30. 32. 34. 35. 36. 37. 37. 37. 37. 37. 37. 37. 37. 36. 34. 33. 33. 30.************************
  121 **************************************************************************************************************************************************************************************************************************************************************************************************************** 14. 16. 21. 22. 27. 30. 33. 34. 35. 36. 37. 37. 37. 37. 37. 37. 37. 36. 36. 34. 34. 33. 26.************************
  120 **************************************************************************************************************************************************************************************************************************************************************************************************************** 12. 16. 22. 24. 27. 31. 33. 35. 36. 36. 37. 37. 37. 37. 37. 37. 37. 36. 35. 34. 34. 32.  4.************************
  119 ******************************************************************************************************************************************************************************************************************************************************************************************************************** 14. 24. 25. 28. 31. 34. 35. 36. 37. 37. 37. 37. 37. 37. 37. 36. 36. 35. 34. 33. 30.  4.************************
  118 ************************************************************************************************************************************************************************************************************************************************************************************************************************ 26. 27. 30. 32. 34. 35. 36. 37. 37. 37. 37. 37. 37. 36. 36. 35. 35. 33. 31. 29.  4.************************
  117 **************************************************************************************************************************************************************************************************************************************************************************************************************** 12. 17. 27. 28. 31. 33. 34. 36. 36. 37. 37. 37. 37. 37. 37. 36. 36. 35. 34. 32. 30. 28.  4.************************
  116 ************************************************************************************************************************************************************************************************************************************************************************************************************ 13. 22. 24. 27. 30. 32. 33. 35. 36. 37. 37. 37. 37. 37. 37. 36. 36. 35. 34. 33. 30. 29. 28.  4.************************
  115 ************************************************************************************************************************************************************************************************************************************************************************************************************ 25. 23. 25. 28. 31. 33. 34. 35. 36. 37. 38. 38. 38. 38. 37. 36. 36. 35. 33. 31. 29. 28. 28.  4.************************
  114 ************************************************************************************************************************************************************************************************************************************************************************************************************ 25. 25. 26. 29. 31. 34. 35. 36. 37. 38. 38. 39. 39. 38. 37. 36. 35. 34. 32. 30. 29. 29. 28.  4.************************
  113 ************************************************************************************************************************************************************************************************************************************************************************************************************ 25. 26. 27. 30. 32. 35. 36. 37. 38. 38. 39. 39. 39. 38. 37. 36. 35. 34. 32. 30. 30. 29. 24.****************************
  112 ******************************************************************************************************************************************************************************************************************************************************************************************************** 21. 25. 27. 29. 31. 33. 35. 36. 37. 38. 38. 39. 39. 38. 38. 37. 36. 34. 33. 31. 30. 30. 28.  5.****************************
  111 **************************************************************************************************************************************************************************************************************************************************************************************************** 13. 22. 25. 28. 30. 32. 34. 35. 37. 37. 38. 39. 39. 39. 38. 38. 37. 36. 34. 33. 32. 31. 30. 24.********************************
  110 **************************************************************************************************************************************************************************************************************************************************************************************************** 24. 24. 27. 29. 31. 32. 34. 36. 37. 38. 38. 39. 39. 39. 38. 38. 37. 36. 34. 32. 30. 29. 24.************************************
  109 **************************************************************************************************************************************************************************************************************************************************************************************************** 24. 25. 28. 30. 31. 33. 34. 36. 37. 38. 38. 39. 39. 39. 38. 38. 37. 35. 33. 31. 30. 29.  5.************************************
  108 **************************************************************************************************************************************************************************************************************************************************************************************************** 23. 26. 29. 31. 32. 33. 34. 36. 38. 38. 38. 39. 39. 39. 38. 38. 37. 35. 32. 30. 30. 29.  6.************************************
  107 ******************************************************************************************************************************************************************************************************************************************************************************************** 14. 21. 24. 27. 30. 32. 33. 33. 35. 37. 38. 38. 38. 39. 39. 39. 39. 38. 37. 34. 32. 32. 32. 25.****************************************
  106 ******************************************************************************************************************************************************************************************************************************************************************************************** 24. 21. 25. 28. 31. 32. 33. 34. 35. 37. 38. 38. 38. 39. 39. 40. 39. 38. 36. 34. 34. 35. 32.  6.****************************************
  105 ******************************************************************************************************************************************************************************************************************************************************************************************** 25. 23. 26. 29. 32. 33. 34. 35. 36. 37. 38. 38. 38. 39. 40. 40. 39. 38. 36. 36. 38. 35. 26.  4. 17. 25. 20. 19.************************
  104 ******************************************************************************************************************************************************************************************************************************************************************************************** 25. 24. 27. 30. 32. 34. 34. 35. 36. 37. 38. 38. 38. 39. 40. 41. 40. 38. 37. 39. 38. 32.  7. 17. 23. 27. 28. 28. 20.********************
  103 ******************************************************************************************************************************************************************************************************************************************************************************************** 25. 26. 29. 31. 33. 34. 35. 35. 36. 37. 38. 38. 39. 40. 41. 41. 40. 38. 39. 40. 39. 28.  4. 24. 28. 31. 31. 27. 24.********************
  102 ******************************************************************************************************************************************************************************************************************************************************************************************** 26. 28. 31. 32. 34. 34. 35. 36. 36. 37. 38. 39. 40. 41. 41. 41. 40. 39. 41. 40. 39. 36. 24. 32. 34. 35. 33. 24. 20.********************
  101 ******************************************************************************************************************************************************************************************************************************************************************************************** 27. 29. 32. 34. 34. 35. 36. 37. 37. 38. 39. 40. 41. 41. 41. 41. 40. 39. 41. 40. 39. 37. 38. 38. 38. 36. 34.  4.************************
  100 **************************************************************************************************************************************************************************************************************************************************************************************** 15. 27. 31. 34. 35. 35. 35. 36. 37. 38. 39. 40. 41. 41. 41. 41. 40. 39. 39. 39. 38. 37. 38. 39. 40. 38. 37. 35.  4.************************
   99 **************************************************************************************************************************************************************************************************************************************************************************************** 25. 29. 32. 35. 36. 35. 36. 37. 38. 39. 39. 40. 41. 40. 40. 40. 39. 39. 39. 38. 38. 38. 39. 40. 39. 38. 36. 35.  4.************************
   98 **************************************************************************************************************************************************************************************************************************************************************************************** 26. 29. 33. 36. 36. 35. 36. 38. 39. 39. 39. 40. 40. 40. 39. 39. 39. 39. 39. 39. 38. 38. 39. 40. 38. 37. 35. 34. 23.************************
   97 ******************************************************************************************************************************************************************************************************************************************************************************** 15. 21. 28. 31. 34. 36. 36. 36. 37. 39. 39. 39. 39. 39. 39. 39. 39. 39. 39. 39. 39. 39. 39. 38. 39. 39. 37. 36. 36. 34. 33. 23. 21.****************
   96 ************************************************************************************************************************************************************************************************************************************************************************ 14. 21. 30. 30. 31. 32. 35. 36. 36. 36. 38. 39. 39. 39. 38. 38. 39. 39. 39. 40. 40. 40. 40. 39. 39. 38. 38. 38. 37. 36. 36. 35. 34. 34. 34.****************
   95 ******************************************************************************************************************************************************************************************************************************************************************** 14. 25. 28. 30. 31. 33. 34. 35. 36. 36. 37. 38. 39. 39. 38. 38. 38. 39. 39. 40. 40. 40. 40. 40. 39. 39. 39. 38. 38. 37. 36. 36. 35. 34. 35. 36. 23.************
   94 **************************************************************************************************************************************************************************************************************************************************************** 14. 24. 26. 29. 31. 33. 34. 35. 36. 36. 37. 38. 38. 39. 39. 39. 38. 38. 39. 40. 40. 40. 40. 40. 39. 39. 39. 38. 38. 38. 37. 36. 35. 35. 34. 35. 35. 34.************
   93 **************************************************************************************************************************************************************************************************************************************************************** 23. 25. 27. 30. 32. 34. 35. 35. 36. 37. 37. 38. 39. 39. 39. 39. 39. 39. 39. 40. 40. 41. 40. 40. 39. 39. 38. 38. 37. 37. 36. 35. 34. 34. 34. 34. 34. 33.************
   92 ************************************************************************************************************************************************************************************************************************************************************ 14. 23. 26. 28. 31. 33. 34. 35. 36. 36. 37. 37. 38. 39. 40. 40. 40. 39. 39. 40. 40. 40. 40. 40. 40. 39. 38. 37. 37. 37. 36. 36. 35. 34. 34. 35. 34. 33. 33. 23.********
   91 ************************************************************************************************************************************************************************************************************************************************************ 23. 25. 27. 30. 32. 34. 35. 35. 36. 36. 37. 38. 38. 39. 40. 40. 40. 40. 39. 40. 40. 40. 40. 40. 39. 39. 38. 37. 36. 36. 35. 35. 35. 34. 35. 35. 34. 33. 32. 30.********
   90 ************************************************************************************************************************************************************************************************************************************************************ 23. 25. 28. 31. 33. 34. 35. 36. 36. 37. 38. 38. 39. 39. 40. 40. 40. 40. 40. 40. 40. 40. 40. 39. 38. 37. 37. 36. 35. 35. 35. 35. 35. 34. 35. 35. 33. 32. 29. 28.********
   89 ******************************************************************************************************************************************************************************************************************************************************** 14. 23. 26. 29. 32. 34. 35. 36. 37. 37. 37. 38. 39. 39. 40. 40. 40. 40. 40. 40. 40. 40. 40. 40. 39. 38. 37. 36. 35. 35. 35. 35. 35. 35. 35. 35. 34. 31. 29. 27. 27.********
   88 **************************************************************************************************************************************************************************************************************************************************** 14. 24. 25. 28. 31. 33. 34. 35. 36. 37. 38. 38. 38. 39. 39. 40. 40. 41. 40. 40. 40. 40. 40. 40. 39. 38. 37. 36. 35. 35. 34. 35. 36. 36. 37. 36. 35. 33. 30. 28. 27. 26.********
   87 **************************************************************************************************************************************************************************************************************************************************** 22. 25. 27. 29. 32. 34. 35. 36. 37. 38. 38. 38. 38. 39. 40. 40. 41. 41. 40. 40. 40. 40. 39. 39. 39. 38. 36. 36. 35. 35. 35. 36. 37. 38. 38. 37. 36. 33. 31. 29. 27. 26.********
   86 ************************************************************************************************************************************************************************************************************************************************ 13. 23. 26. 29. 31. 33. 35. 36. 36. 37. 38. 38. 38. 39. 39. 40. 40. 41. 41. 40. 40. 40. 39. 39. 39. 38. 37. 36. 35. 35. 35. 36. 37. 38. 39. 39. 38. 35. 33. 32. 30. 27. 20.********
   85 ************************************************************************************************************************************************************************************************************************************************ 11. 22. 28. 30. 32. 34. 35. 36. 37. 37. 38. 39. 39. 39. 39. 40. 40. 41. 41. 40. 40. 39. 39. 39. 39. 38. 37. 35. 34. 34. 35. 36. 38. 38. 39. 39. 37. 35. 35. 32. 21. 18.************
   84 **************************************************************************************************************************************************************************************************************************************************** 24. 30. 32. 33. 35. 36. 37. 37. 38. 38. 39. 39. 39. 39. 40. 40. 41. 41. 40. 40. 40. 39. 39. 39. 38. 36. 35. 34. 34. 35. 36. 38. 38. 37. 37. 35. 35. 36. 22.********************
   83 **************************************************************************************************************************************************************************************************************************************** 14. 23. 24. 30. 31. 33. 35. 36. 36. 37. 37. 38. 38. 39. 39. 39. 39. 40. 40. 41. 41. 40. 40. 40. 39. 39. 39. 38. 36. 34. 34. 34. 36. 37. 37. 37. 36. 35. 34. 35. 34.************************
   82 ******************************************************************************************************************************************************************************************************************************** 14. 22. 26. 28. 30. 32. 34. 35. 36. 36. 37. 37. 38. 38. 38. 39. 39. 39. 39. 40. 40. 40. 40. 40. 40. 40. 39. 39. 39. 37. 36. 34. 34. 35. 37. 37. 37. 36. 35. 34. 33. 32. 32. 25.********************
   81 ******************************************************************************************************************************************************************************************************************************** 21. 24. 26. 29. 31. 34. 35. 36. 36. 37. 37. 37. 38. 38. 39. 39. 39. 39. 39. 40. 40. 41. 40. 40. 40. 40. 39. 39. 38. 37. 35. 34. 35. 36. 37. 37. 37. 36. 35. 34. 32. 30. 30. 30.********************
   80 ******************************************************************************************************************************************************************************************************************************** 21. 26. 28. 31. 33. 34. 36. 36. 37. 37. 37. 38. 38. 38. 39. 39. 39. 39. 39. 40. 40. 41. 40. 40. 40. 39. 39. 38. 38. 37. 35. 35. 36. 36. 37. 37. 36. 35. 34. 32. 31. 30. 32. 32.********************
   79 ******************************************************************************************************************************************************************************************************************************** 22. 27. 30. 32. 34. 35. 36. 37. 37. 37. 37. 38. 38. 39. 39. 39. 39. 39. 39. 40. 40. 41. 40. 40. 40. 39. 39. 38. 38. 37. 36. 36. 36. 36. 36. 35. 33. 33. 32. 31. 31. 33. 34. 33.********************
   78 **************************************************************************************************************************************************************************************************************************** 15. 27. 30. 31. 33. 34. 35. 36. 37. 37. 37. 38. 38. 38. 39. 39. 39. 39. 39. 39. 40. 40. 40. 40. 40. 39. 39. 39. 39. 38. 37. 36. 36. 35. 35. 32. 30. 30. 30. 30. 30. 31. 33. 33. 32.********************
   77 ******************************************************************************************************************************************************************************************************************** 14. 25. 28. 30. 31. 33. 34. 35. 35. 36. 37. 37. 38. 38. 38. 38. 39. 39. 39. 39. 39. 39. 39. 40. 40. 40. 39. 39. 39. 39. 39. 38. 37. 36. 34. 33. 31. 29. 29. 29. 30. 29. 30. 30. 29. 29. 29. 24.****************
   76 **************************************************************************************************************************************************************************************************************** 14. 24. 26. 29. 31. 32. 33. 34. 35. 36. 36. 37. 37. 38. 38. 38. 38. 39. 39. 39. 39. 39. 39. 39. 40. 40. 40. 39. 39. 39. 39. 39. 38. 37. 35. 33. 32. 31. 30. 30. 30. 30. 29. 29. 28. 27. 26. 25. 24. 23.************
   75 ************************************************************************************************************************************************************************************************************ 13. 22. 25. 28. 30. 32. 33. 34. 35. 35. 36. 36. 37. 38. 38. 38. 38. 38. 39. 39. 39. 39. 39. 39. 39. 40. 40. 39. 39. 39. 39. 39. 39. 38. 36. 35. 34. 34. 34. 33. 33. 32. 30. 29. 27. 26. 25. 23. 22. 22. 21.************
   74 ************************************************************************************************************************************************************************************************************ 20. 24. 27. 30. 32. 33. 34. 34. 35. 35. 36. 36. 37. 38. 38. 38. 38. 38. 39. 39. 39. 39. 39. 39. 39. 40. 40. 39. 39. 39. 39. 39. 38. 37. 35. 35. 36. 36. 35. 34. 33. 31. 29. 27. 26. 24. 23. 22. 21. 21. 21.************
   73 ******************************************************************************************************************************************************************************************************** 14. 24. 26. 29. 31. 32. 33. 34. 34. 35. 35. 36. 36. 37. 38. 38. 38. 38. 38. 39. 39. 39. 39. 39. 39. 39. 40. 40. 39. 39. 39. 39. 38. 37. 36. 35. 36. 35. 34. 33. 32. 30. 28. 27. 25. 24. 22. 21. 21. 21. 21. 20.************
   72 **************************************************************************************************************************************************************************************************** 13. 23. 25. 28. 30. 32. 33. 34. 34. 35. 35. 36. 36. 36. 37. 38. 38. 38. 38. 38. 38. 39. 39. 39. 39. 39. 39. 39. 39. 39. 39. 39. 39. 38. 37. 35. 35. 33. 31. 29. 27. 25. 24. 23. 23. 22. 21. 21. 20. 20. 20. 20. 17.************
   71 **************************************************************************************************************************************************************************************************** 22. 24. 27. 30. 31. 32. 33. 34. 35. 35. 36. 36. 36. 37. 37. 38. 38. 38. 38. 38. 38. 39. 39. 39. 39. 39. 39. 39. 39. 39. 39. 39. 39. 38. 37. 35. 33. 32. 28. 24. 20. 19. 19. 20. 20. 20. 20. 19. 18. 18. 17. 17.****************
   70 ******************************************************************************************************************************************************************************************** 12. 21. 23. 26. 29. 30. 32. 33. 34. 34. 35. 36. 36. 36. 37. 37. 37. 38. 38. 38. 38. 38. 38. 39. 39. 39. 39. 39. 39. 39. 39. 39. 39. 39. 39. 38. 38. 36. 35. 34. 21. 11. 10. 12. 15. 16. 17. 17. 17. 17. 16. 15. 15. 14.****************
   69 ******************************************************************************************************************************************************************************************** 18. 21. 24. 27. 29. 31. 32. 33. 34. 35. 35. 36. 36. 36. 37. 37. 37. 38. 38. 38. 38. 38. 38. 39. 39. 39. 39. 39. 39. 39. 39. 39. 39. 39. 39. 38. 38. 36. 35. 34. 10.  7. 12. 14. 15. 16. 16. 16. 16. 16. 15. 15. 14. 14.****************
   68 **************************************************************************************************************************************************************************************** 12. 20. 22. 26. 28. 30. 31. 32. 33. 34. 35. 35. 36. 36. 37. 37. 37. 37. 37. 38. 38. 38. 38. 39. 39. 39. 39. 39. 39. 39. 39. 39. 39. 39. 39. 38. 38. 37. 36. 33. 32. 28. 22. 19. 17. 16. 16. 15. 15. 15. 16. 16. 15. 14.********************
   67 **************************************************************************************************************************************************************************************** 17. 21. 24. 27. 29. 31. 32. 33. 34. 34. 35. 36. 36. 36. 37. 37. 37. 37. 37. 38. 38. 38. 38. 39. 39. 39. 39. 39. 39. 39. 39. 39. 39. 39. 38. 38. 38. 37. 36. 34. 33. 29. 20. 15. 11. 10. 10. 11. 12. 13. 13. 14. 14. 15.********************
   66 **************************************************************************************************************************************************************************************** 18. 22. 25. 28. 30. 31. 32. 33. 34. 35. 35. 36. 36. 36. 37. 37. 37. 37. 38. 38. 38. 38. 38. 39. 39. 39. 39. 39. 38. 38. 39. 38. 38. 38. 38. 38. 38. 37. 36. 34. 33. 21.  4.****  4.  6.  7.  8.  9. 10. 11. 11. 14.************************
   65 ************************************************************************************************************************************************************************************ 13. 21. 24. 27. 29. 30. 32. 33. 33. 34. 35. 35. 36. 36. 37. 37. 37. 37. 37. 38. 38. 38. 38. 38. 38. 38. 38. 38. 38. 38. 38. 38. 38. 38. 38. 38. 38. 38. 37. 36. 35. 34.  9.********  3.  5.  6.  7.  9. 11. 12. 12.****************************
   64 ******************************************************************************************************************************************************************************** 19. 20. 23. 26. 28. 30. 31. 32. 33. 34. 34. 35. 35. 36. 36. 37. 37. 37. 37. 37. 38. 38. 38. 38. 38. 38. 38. 38. 38. 38. 38. 38. 38. 38. 38. 38. 38. 38. 38. 37. 36. 36. 36.  9.********  4.  4.  5.  7.********************************************
   63 **************************************************************************************************************************************************************************** 12. 18. 21. 24. 27. 29. 30. 31. 32. 33. 34. 34. 35. 35. 36. 36. 37. 37. 37. 37. 37. 38. 38. 38. 38. 38. 38. 38. 38. 38. 38. 38. 38. 38. 38. 38. 38. 37. 38. 38. 37. 36. 37. 37. 10.************  4.  5.************************************************
   62 **************************************************************************************************************************************************************************** 18. 20. 22. 25. 28. 30. 31. 32. 33. 33. 34. 35. 35. 36. 36. 36. 37. 37. 37. 37. 37. 37. 38. 38. 38. 38. 38. 38. 38. 38. 38. 38. 38. 38. 38. 38. 37. 37. 38. 37. 37. 36. 37. 36. 30.  6.****************************************************************
   61 **************************************************************************************************************************************************************************** 18. 21. 24. 26. 29. 30. 32. 32. 33. 34. 34. 35. 35. 36. 36. 36. 37. 37. 37. 37. 37. 37. 37. 37. 38. 38. 38. 38. 38. 38. 38. 38. 38. 38. 38. 38. 37. 37. 37. 37. 37. 37. 35. 34. 32.  9.****************************************************************
   60 **************************************************************************************************************************************************************************** 17. 22. 24. 27. 30. 31. 32. 33. 33. 34. 34. 35. 36. 36. 36. 36. 37. 37. 37. 37. 37. 37. 37. 37. 37. 37. 37. 37. 37. 37. 38. 38. 38. 38. 38. 37. 37. 37. 37. 37. 37. 36. 35. 33. 32.  9.****************************************************************
   59 **************************************************************************************************************************************************************************** 18. 24. 26. 29. 31. 32. 33. 33. 34. 34. 35. 35. 36. 36. 36. 36. 36. 37. 37. 37. 37. 37. 37. 37. 37. 37. 37. 37. 37. 37. 37. 37. 38. 37. 37. 37. 37. 37. 37. 37. 37. 36. 35. 33. 32.  9.****************************************************************
   58 ************************************************************************************************************************************************************************ 13. 24. 26. 29. 31. 32. 32. 33. 33. 34. 34. 35. 35. 35. 36. 36. 36. 36. 36. 37. 37. 37. 37. 37. 37. 37. 37. 37. 37. 37. 37. 37. 37. 37. 37. 37. 37. 37. 36. 36. 36. 36. 36. 35. 33. 33.  9.****************************************************************
   57 **************************************************************************************************************************************************************** 13. 25. 28. 28. 29. 31. 32. 32. 33. 33. 34. 34. 34. 35. 35. 35. 36. 36. 36. 36. 36. 36. 36. 37. 37. 37. 37. 37. 37. 37. 37. 37. 37. 37. 37. 37. 37. 37. 37. 36. 36. 36. 36. 36. 36. 35. 33. 32.  9.****************************************************************
   56 ******************************************************************************************************************************************************** 12. 25. 27. 28. 29. 30. 31. 32. 32. 33. 33. 33. 34. 34. 34. 35. 35. 35. 36. 36. 36. 36. 36. 36. 36. 36. 36. 36. 37. 37. 37. 37. 37. 37. 37. 37. 37. 37. 37. 37. 36. 36. 36. 36. 36. 36. 36. 35. 33. 33.  9.****************************************************************
   55 ************************************************************************************************************************************************ 11. 23. 25. 26. 28. 29. 30. 31. 32. 32. 33. 33. 33. 34. 34. 34. 34. 35. 35. 35. 35. 35. 36. 36. 36. 36. 36. 36. 36. 36. 36. 36. 36. 36. 36. 36. 36. 37. 37. 36. 36. 36. 36. 36. 36. 35. 36. 36. 36. 35. 33. 33.  9.****************************************************************
   54 ******************************************************************************************************************************************** 11. 21. 24. 27. 29. 30. 31. 31. 32. 32. 32. 33. 33. 33. 34. 34. 34. 34. 34. 35. 35. 35. 35. 35. 35. 36. 36. 36. 36. 36. 36. 36. 36. 36. 36. 36. 36. 36. 36. 36. 36. 36. 36. 36. 36. 35. 35. 35. 35. 35. 34. 33. 33.  9.****************************************************************
   53 **************************************************************************************************************************************** 11. 21. 23. 26. 28. 30. 30. 31. 31. 32. 32. 32. 33. 33. 33. 33. 34. 34. 34. 34. 34. 35. 35. 35. 35. 35. 35. 35. 36. 36. 36. 36. 36. 36. 36. 36. 36. 36. 36. 36. 36. 36. 36. 36. 35. 35. 35. 35. 35. 35. 35. 34. 33. 33. 30.  6.************************************************************
   52 ************************************************************************************************************************************ 11. 21. 23. 26. 28. 29. 30. 31. 31. 31. 32. 32. 32. 33. 33. 33. 33. 33. 34. 34. 34. 34. 34. 34. 35. 35. 35. 35. 35. 35. 36. 36. 36. 36. 36. 36. 36. 36. 36. 36. 36. 36. 35. 35. 35. 35. 35. 35. 35. 35. 35. 35. 34. 33. 33. 33.  8.************************************************************
   51 ******************************************************************************************************************************** 11. 20. 22. 25. 28. 29. 30. 30. 31. 31. 31. 32. 32. 32. 32. 33. 33. 33. 33. 33. 33. 34. 34. 34. 34. 34. 35. 35. 35. 35. 35. 35. 35. 35. 35. 35. 35. 35. 35. 35. 35. 35. 35. 35. 35. 35. 35. 35. 35. 35. 35. 34. 34. 34. 33. 32. 31.  8.************************************************************
   50 **************************************************************************************************************************** 10. 19. 22. 25. 27. 29. 30. 30. 30. 31. 31. 31. 32. 32. 32. 32. 33. 33. 33. 33. 33. 33. 33. 33. 34. 34. 34. 34. 35. 35. 35. 35. 35. 35. 35. 35. 35. 35. 35. 35. 35. 35. 35. 35. 35. 35. 35. 35. 34. 34. 34. 34. 34. 34. 33. 33. 31. 31.  8.************************************************************
   49 **************************************************************************************************************************** 18. 22. 24. 27. 28. 29. 30. 30. 30. 31. 31. 31. 31. 32. 32. 32. 32. 33. 33. 33. 33. 33. 33. 33. 34. 34. 34. 34. 34. 35. 35. 35. 35. 35. 35. 35. 35. 35. 35. 35. 35. 35. 35. 35. 34. 34. 34. 34. 34. 34. 34. 33. 33. 33. 33. 32. 31. 31.  8.************************************************************
   48 ************************************************************************************************************************ 10. 19. 23. 26. 28. 29. 29. 30. 30. 30. 31. 31. 31. 31. 32. 32. 32. 32. 32. 32. 32. 32. 32. 33. 33. 33. 34. 34. 34. 34. 34. 35. 35. 35. 35. 35. 35. 35. 35. 35. 35. 34. 34. 34. 34. 34. 34. 34. 34. 34. 34. 33. 33. 33. 33. 32. 31. 30. 29. 28.  6.********************************************************
   47 ******************************************************************************************************************** 10. 19. 22. 25. 27. 28. 29. 29. 30. 30. 30. 31. 31. 31. 31. 31. 32. 32. 32. 32. 32. 32. 32. 32. 33. 33. 33. 33. 34. 34. 34. 34. 34. 35. 35. 35. 34. 34. 34. 34. 34. 34. 34. 34. 34. 34. 34. 34. 34. 34. 34. 34. 33. 33. 33. 33. 32. 31. 30. 29. 28.  7.********************************************************
   46 **************************************************************************************************************** 10. 19. 21. 24. 26. 28. 28. 29. 29. 30. 30. 30. 31. 31. 31. 31. 31. 31. 31. 32. 32. 32. 32. 32. 32. 32. 33. 33. 33. 33. 33. 34. 34. 34. 34. 34. 34. 34. 34. 34. 34. 34. 34. 34. 34. 33. 33. 33. 33. 33. 33. 33. 33. 33. 33. 33. 33. 32. 31. 31. 31. 30.  8.********************************************************
   45 ************************************************************************************************************  9. 18. 20. 24. 26. 27. 28. 29. 29. 29. 30. 30. 30. 30. 31. 31. 31. 31. 31. 31. 31. 31. 31. 32. 32. 32. 32. 32. 33. 33. 33. 33. 33. 33. 34. 34. 34. 34. 34. 34. 34. 34. 34. 34. 33. 33. 33. 33. 33. 33. 33. 33. 33. 33. 32. 32. 32. 32. 32. 31. 31. 32. 31.  8.********************************************************
   44 ************************************************************************************************************ 18. 20. 23. 25. 27. 28. 28. 29. 29. 29. 29. 30. 30. 30. 30. 30. 30. 30. 31. 31. 31. 31. 31. 31. 31. 32. 32. 32. 32. 32. 33. 33. 33. 33. 33. 33. 33. 33. 33. 33. 33. 33. 33. 33. 33. 33. 33. 33. 33. 33. 33. 32. 32. 32. 32. 32. 32. 32. 32. 31. 30. 30. 29.  8.********************************************************
   43 ********************************************************************************************************  9. 18. 21. 24. 26. 27. 28. 28. 28. 29. 29. 29. 29. 30. 30. 30. 30. 30. 30. 30. 30. 31. 31. 31. 31. 31. 31. 31. 32. 32. 32. 32. 32. 33. 33. 33. 33. 33. 33. 33. 33. 33. 33. 33. 33. 32. 32. 32. 32. 32. 32. 32. 32. 32. 32. 32. 32. 32. 32. 31. 31. 30. 29. 28.  7.********************************************************
   42 ****************************************************************************************************  9. 18. 21. 24. 26. 27. 27. 28. 28. 28. 29. 29. 29. 29. 29. 29. 30. 30. 30. 30. 30. 30. 30. 30. 30. 31. 31. 31. 31. 31. 32. 32. 32. 32. 32. 32. 32. 33. 32. 32. 32. 32. 32. 32. 32. 32. 32. 32. 32. 32. 32. 32. 32. 32. 31. 31. 31. 31. 31. 31. 31. 31. 29. 29. 28.  7.********************************************************
   41 ************************************************************************************************  9. 19. 21. 23. 25. 26. 27. 27. 28. 28. 28. 28. 28. 29. 29. 29. 29. 29. 29. 29. 29. 30. 30. 30. 30. 30. 30. 30. 30. 31. 31. 31. 31. 31. 32. 32. 32. 32. 32. 32. 32. 32. 32. 32. 32. 32. 32. 32. 32. 32. 32. 32. 32. 31. 31. 31. 31. 31. 31. 31. 31. 31. 30. 29. 28. 28.  7.********************************************************
   40 ********************************************************************************************  9. 19. 21. 24. 25. 26. 27. 27. 27. 27. 28. 28. 28. 28. 28. 28. 29. 29. 29. 29. 29. 29. 29. 29. 30. 30. 30. 30. 30. 30. 30. 31. 31. 31. 31. 31. 31. 31. 32. 32. 32. 32. 32. 32. 31. 31. 31. 31. 31. 31. 31. 31. 31. 31. 31. 31. 31. 31. 31. 31. 31. 30. 30. 30. 29. 28. 28.  7.********************************************************
   39 ****************************************************************************************  8. 19. 22. 24. 25. 26. 26. 27. 27. 27. 27. 27. 28. 28. 28. 28. 28. 28. 28. 28. 29. 29. 29. 29. 29. 29. 29. 29. 29. 29. 30. 30. 30. 30. 30. 31. 31. 31. 31. 31. 31. 31. 31. 31. 31. 31. 31. 31. 31. 31. 31. 31. 31. 31. 31. 30. 30. 30. 30. 30. 30. 30. 30. 29. 29. 28. 28. 28.  7.********************************************************
   38 ********************************************************************************  8. 19. 22. 22. 24. 25. 26. 26. 26. 27. 27. 27. 27. 27. 27. 27. 27. 28. 28. 28. 28. 28. 28. 28. 28. 28. 28. 29. 29. 29. 29. 29. 29. 30. 30. 30. 30. 30. 31. 31. 31. 31. 31. 31. 31. 31. 31. 30. 30. 30. 30. 30. 30. 30. 30. 30. 30. 30. 30. 30. 30. 30. 30. 30. 29. 29. 29. 28. 27. 27.  7.********************************************************
   37 ****************************************************************************  8. 18. 21. 23. 24. 25. 26. 26. 26. 26. 26. 27. 27. 27. 27. 27. 27. 27. 27. 27. 27. 27. 28. 28. 28. 28. 28. 28. 28. 28. 29. 29. 29. 29. 29. 30. 30. 30. 30. 30. 30. 30. 30. 30. 30. 30. 30. 30. 30. 30. 30. 30. 30. 30. 30. 30. 30. 30. 29. 29. 29. 29. 29. 29. 29. 29. 29. 28. 28. 26. 25.  7.********************************************************
   36 ********************************************************************  7. 19. 21. 21. 23. 24. 25. 25. 26. 26. 26. 26. 26. 26. 27. 27. 27. 27. 27. 27. 27. 27. 27. 27. 27. 27. 27. 27. 27. 28. 28. 28. 28. 28. 29. 29. 29. 29. 30. 30. 30. 30. 30. 30. 30. 30. 30. 30. 30. 29. 29. 29. 29. 29. 29. 30. 29. 29. 29. 29. 29. 29. 29. 29. 29. 29. 29. 28. 28. 28. 27. 26. 25.  7.********************************************************
   35 ****************************************************************  7. 18. 20. 22. 23. 24. 25. 25. 25. 26. 26. 26. 26. 26. 26. 26. 26. 26. 26. 26. 26. 26. 26. 26. 26. 26. 26. 27. 27. 27. 27. 28. 28. 28. 28. 28. 29. 29. 29. 29. 29. 30. 30. 30. 30. 30. 29. 29. 29. 29. 29. 29. 29. 29. 29. 29. 29. 29. 29. 29. 28. 28. 28. 28. 28. 28. 28. 28. 28. 27. 27. 27. 26. 26.  7.********************************************************
   34 ********************************************************  5. 17. 19. 21. 22. 23. 24. 25. 25. 25. 25. 25. 25. 26. 26. 26. 26. 26. 26. 26. 26. 26. 26. 26. 26. 26. 26. 26. 26. 26. 26. 26. 27. 27. 27. 28. 28. 28. 29. 29. 29. 29. 29. 29. 30. 29. 29. 29. 29. 29. 29. 29. 29. 28. 28. 28. 28. 28. 28. 28. 28. 28. 28. 28. 28. 28. 28. 27. 27. 27. 27. 27. 27. 26. 26. 26.  7.********************************************************
   33 ********************************************************  7. 17. 20. 22. 23. 24. 24. 25. 25. 25. 25. 25. 25. 25. 25. 25. 25. 25. 25. 25. 25. 25. 25. 25. 25. 25. 25. 25. 25. 25. 26. 26. 26. 27. 27. 27. 27. 28. 28. 29. 29. 29. 29. 29. 29. 29. 29. 29. 29. 28. 28. 28. 28. 28. 28. 28. 28. 28. 28. 28. 28. 27. 27. 27. 27. 27. 27. 27. 27. 27. 27. 26. 26. 25. 25. 25. 24.  6.****************************************************
   32 ****************************************************  6. 17. 19. 21. 23. 24. 24. 24. 25. 25. 25. 25. 25. 25. 25. 25. 25. 25. 25. 25. 25. 25. 25. 25. 25. 25. 25. 25. 25. 25. 25. 25. 25. 26. 26. 27. 27. 27. 27. 28. 28. 28. 29. 29. 29. 29. 29. 29. 28. 28. 28. 28. 28. 27. 27. 27. 27. 27. 27. 27. 27. 27. 27. 27. 27. 26. 26. 26. 26. 26. 26. 26. 26. 25. 25. 24. 24. 24.  7.****************************************************
   31 ************************************************  5. 17. 19. 21. 22. 23. 24. 24. 24. 24. 25. 25. 25. 25. 25. 25. 25. 25. 25. 25. 24. 24. 24. 24. 24. 24. 24. 24. 24. 24. 24. 24. 25. 25. 25. 26. 26. 27. 27. 27. 28. 28. 28. 28. 28. 28. 28. 28. 28. 28. 28. 27. 27. 27. 27. 27. 27. 27. 27. 26. 26. 26. 26. 26. 26. 26. 26. 26. 26. 26. 26. 25. 25. 25. 25. 24. 24. 24. 23.  7.****************************************************
   30 ************************************************  6. 19. 20. 22. 23. 23. 24. 24. 24. 24. 24. 25. 25. 25. 25. 24. 24. 24. 24. 24. 24. 24. 24. 24. 24. 23. 23. 23. 23. 23. 24. 24. 24. 24. 25. 25. 26. 26. 27. 27. 27. 28. 28. 28. 28. 28. 28. 28. 28. 27. 27. 27. 27. 27. 27. 26. 26. 26. 26. 26. 26. 26. 26. 26. 25. 25. 25. 25. 25. 25. 25. 25. 25. 25. 24. 23. 23. 23. 22.  7.****************************************************
   29 ****************************************  5. 19. 21. 21. 22. 22. 23. 23. 24. 24. 24. 24. 24. 24. 24. 24. 24. 24. 24. 24. 24. 24. 23. 23. 23. 23. 23. 23. 23. 23. 23. 23. 23. 23. 23. 24. 24. 25. 26. 26. 26. 27. 27. 28. 28. 28. 28. 28. 28. 27. 27. 27. 27. 26. 26. 26. 26. 26. 26. 26. 26. 25. 25. 25. 25. 25. 25. 25. 25. 25. 25. 24. 24. 24. 24. 24. 24. 23. 22. 22. 22.  7.****************************************************
   28 ************************************  4. 19. 20. 21. 22. 22. 23. 23. 23. 24. 24. 24. 24. 24. 24. 24. 24. 24. 24. 23. 23. 23. 23. 23. 23. 22. 22. 22. 22. 22. 22. 22. 22. 22. 22. 23. 23. 24. 25. 25. 26. 26. 27. 27. 27. 28. 28. 28. 28. 27. 27. 27. 26. 26. 26. 26. 26. 26. 25. 25. 25. 25. 25. 25. 24. 24. 24. 24. 24. 24. 24. 24. 24. 24. 24. 24. 24. 23. 23. 23. 23. 23.  7.****************************************************
   27 ********************************  4. 19. 21. 22. 22. 23. 23. 23. 23. 23. 23. 24. 24. 24. 24. 24. 24. 23. 23. 23. 23. 23. 22. 22. 22. 22. 22. 22. 22. 21. 21. 21. 21. 21. 22. 22. 22. 23. 23. 24. 25. 25. 26. 26. 27. 27. 27. 27. 27. 27. 27. 27. 26. 26. 26. 25. 25. 25. 25. 25. 25. 24. 24. 24. 24. 24. 23. 23. 23. 23. 23. 23. 23. 23. 23. 23. 23. 23. 22. 22. 22. 23. 23.  7.****************************************************
   26 ********************************  5. 21. 24. 24. 24. 24. 24. 23. 23. 23. 23. 23. 23. 23. 23. 23. 23. 23. 23. 23. 22. 22. 22. 22. 22. 21. 21. 21. 21. 21. 21. 21. 21. 21. 21. 21. 22. 22. 23. 23. 24. 25. 26. 26. 27. 27. 27. 27. 27. 27. 26. 26. 26. 25. 25. 25. 25. 24. 24. 24. 24. 24. 24. 23. 23. 23. 23. 23. 22. 22. 22. 22. 22. 22. 22. 22. 22. 22. 22. 21. 20. 20. 21.  6.****************************************************
   25 ****************************  4. 18. 25. 27. 27. 26. 25. 24. 23. 23. 23. 23. 23. 23. 23. 23. 23. 23. 23. 23. 22. 22. 22. 21. 21. 21. 21. 20. 20. 20. 20. 20. 20. 20. 20. 20. 20. 21. 21. 22. 23. 24. 25. 25. 26. 26. 27. 27. 27. 26. 26. 26. 25. 25. 25. 24. 24. 24. 24. 24. 23. 23. 23. 23. 22. 22. 22. 22. 22. 22. 21. 21. 21. 21. 21. 21. 21. 21. 21. 21. 20. 20. 20. 20.  7.****************************************************
   24 ********************  8.  9. 12. 18. 24. 28. 29. 28. 26. 25. 23. 23. 22. 22. 22. 23. 23. 23. 23. 23. 22. 22. 22. 21. 21. 21. 20. 20. 20. 20. 19. 19. 19. 19. 19. 19. 19. 19. 19. 20. 20. 21. 22. 23. 24. 25. 25. 26. 26. 26. 26. 26. 26. 25. 25. 25. 24. 24. 24. 23. 23. 23. 22. 22. 22. 22. 22. 21. 21. 21. 21. 21. 21. 21. 21. 21. 21. 21. 21. 21. 21. 20. 20. 20. 20. 20. 20.  5.************************************************
   23 ********  4.  6.  7.  7.  8. 11. 14. 19. 24. 29. 30. 28. 26. 24. 23. 23. 22. 22. 22. 23. 23. 23. 22. 22. 22. 21. 21. 20. 20. 20. 19. 19. 19. 19. 19. 18. 18. 18. 18. 18. 18. 18. 19. 19. 20. 22. 23. 24. 24. 25. 26. 26. 26. 26. 26. 25. 25. 24. 24. 24. 23. 23. 23. 22. 22. 22. 21. 21. 21. 21. 21. 20. 20. 20. 20. 20. 20. 20. 20. 20. 20. 20. 20. 20. 20. 19. 19. 19. 19. 19.  6.************************************************
   22 ********  4.  5.  6.  6.  7.  9. 12. 14. 18. 23. 28. 28. 26. 25. 24. 23. 23. 22. 22. 22. 22. 22. 22. 21. 21. 20. 20. 19. 19. 19. 18. 18. 18. 18. 18. 18. 17. 17. 17. 17. 17. 17. 18. 18. 19. 21. 22. 23. 24. 25. 26. 26. 26. 26. 25. 25. 24. 24. 24. 23. 23. 22. 22. 22. 21. 21. 21. 20. 20. 20. 20. 20. 20. 19. 19. 19. 19. 19. 19. 19. 19. 19. 19. 19. 19. 19. 18. 18. 18. 18.  6.************************************************
   21 ****  3.  3.  5.  6.  6.  7.  9. 11. 12. 14. 17. 19. 21. 22. 23. 23. 23. 22. 22. 22. 22. 22. 22. 22. 21. 20. 20. 19. 19. 18. 18. 18. 17. 17. 17. 17. 17. 17. 16. 16. 16. 16. 16. 16. 17. 18. 20. 22. 23. 24. 25. 26. 26. 26. 25. 25. 24. 24. 23. 23. 22. 22. 22. 21. 21. 20. 20. 20. 20. 20. 19. 19. 19. 19. 19. 19. 19. 19. 19. 19. 18. 18. 18. 18. 18. 18. 18. 18. 17. 18. 18. 18.  5.********************************************
   20 ****  3.  3.  4.  5.  6.  6.  8. 10. 11. 11. 12. 13. 14. 16. 17. 18. 19. 19. 20. 21. 21. 22. 21. 21. 20. 20. 19. 18. 18. 17. 17. 17. 16. 16. 16. 16. 16. 16. 16. 15. 15. 15. 15. 15. 16. 17. 19. 22. 23. 24. 25. 26. 26. 25. 25. 24. 24. 23. 23. 22. 22. 21. 21. 20. 20. 20. 19. 19. 19. 19. 18. 18. 18. 18. 18. 18. 18. 18. 18. 18. 18. 17. 17. 17. 17. 17. 17. 17. 17. 17. 17. 17.  5.********************************************
   19   4.  3.  3.  4.  5.  5.  6.  7.  9.  9.  9.  9.  9.  9.  8.  9. 10. 12. 14. 16. 18. 19. 20. 20. 20. 19. 19. 18. 18. 17. 17. 16. 16. 16. 15. 15. 15. 15. 15. 15. 14. 14. 14. 14. 14. 15. 16. 18. 22. 24. 25. 25. 26. 25. 25. 24. 24. 23. 22. 22. 21. 20. 20. 20. 19. 19. 19. 18. 18. 18. 18. 17. 17. 17. 17. 17. 17. 17. 17. 17. 17. 17. 17. 17. 16. 16. 16. 16. 16. 16. 15. 15. 15.  5.********************************************
   18   4.  3.  3.  3.  4.  5.  6.  7.  8.  8.  8.  7.  6.  6.  6.  6.  7.  9. 10. 12. 14. 15. 16. 17. 18. 18. 18. 17. 17. 16. 16. 15. 15. 15. 15. 14. 14. 14. 14. 14. 14. 14. 14. 13. 14. 14. 15. 17. 21. 25. 25. 26. 26. 25. 25. 24. 23. 22. 21. 20. 20. 19. 19. 18. 18. 18. 17. 17. 17. 17. 17. 16. 16. 16. 16. 16. 16. 16. 16. 16. 16. 16. 16. 16. 16. 16. 15. 15. 15. 15. 15. 14. 14. 14.  4.****************************************
   17   3.  3.  3.  3.  4.  4.  6.  6.  7.  6.  6.  5.  5.  5.  5.  5.  6.  7.  8.  9. 10. 11. 13. 14. 14. 15. 15. 16. 16. 15. 15. 15. 15. 14. 14. 14. 13. 13. 13. 13. 13. 13. 13. 13. 13. 13. 13. 15. 20. 26. 27. 26. 26. 25. 24. 23. 21. 20. 19. 19. 18. 17. 17. 17. 16. 16. 16. 16. 16. 16. 16. 15. 15. 15. 15. 15. 15. 15. 15. 15. 15. 15. 15. 15. 15. 15. 15. 15. 15. 14. 14. 14. 13. 13.  5.****************************************
   16   4.  3.  3.  3.  3.  4.  5.  6.  5.  5.  4.  4.  3.  3.  4.  4.  5.  6.  6.  7.  7.  8.  9. 10. 11. 12. 13. 13. 14. 14. 14. 14. 13. 13. 13. 12. 12. 12. 12. 12. 12. 12. 12. 12. 12. 12. 12. 13. 18. 26. 28. 27. 26. 25. 23. 21. 20. 18. 17. 17. 16. 16. 15. 15. 15. 15. 15. 15. 14. 14. 14. 15. 15. 14. 14. 14. 14. 14. 14. 14. 14. 14. 14. 14. 14. 14. 14. 14. 14. 13. 13. 13. 13. 13.  5.****************************************
   15 ****  4.  3.  2.  3.  4.  5.  5.  4.  3.  3.  3.  3.  3.  3.  4.  5.  5.  5.  5.  5.  6.  6.  7.  8.  9. 10. 11. 11. 12. 12. 12. 12. 12. 11. 11. 11. 11. 11. 11. 11. 11. 11. 11. 11. 11. 11. 11. 14. 23. 29. 27. 26. 23. 21. 19. 17. 17. 16. 15. 15. 14. 14. 14. 14. 13. 13. 13. 13. 13. 13. 13. 14. 13. 13. 13. 13. 13. 13. 13. 13. 13. 13. 13. 13. 13. 13. 13. 13. 13. 12. 12. 12. 12.  5.****************************************
   14 ********  4.  2.  2.  4.  4.  3.  3.  2.  2.  2.  2.  2.  3.  4.  4.  4.  4.  4.  4.  4.  4.  4.  5.  6.  7.  8.  9.  9. 10. 10. 11. 11. 11. 10. 10. 10. 10. 10. 10. 10. 10. 10. 10. 10. 10. 10. 11. 16. 27. 26. 24. 21. 18. 17. 16. 15. 14. 14. 13. 13. 13. 13. 12. 12. 12. 12. 12. 12. 12. 12. 12. 12. 12. 12. 12. 12. 12. 12. 12. 12. 12. 12. 12. 13. 13. 13. 13. 12. 12. 12. 12. 11.  5.****************************************
   13 ************  2.  2.  4.  3.  3.  2.  2.  2.  2.  2.  3.  3.  4.  3.  3.  3.  3.  3.  3.  3.  3.  3.  4.  5.  5.  6.  7.  8.  8.  9.  9.  9.  9.  9.  9.  8.  8.  8.  8.  9.  9.  9.  9.  9. 10. 10. 10. 18. 18. 17. 15. 13. 13. 12. 12. 12. 12. 11. 11. 11. 11. 11. 11. 11. 11. 11. 11. 11. 11. 11. 11. 12. 12. 12. 12. 12. 12. 12. 12. 12. 12. 12. 12. 12. 12. 12. 12. 12. 12. 12. 12.  5.****************************************
   12 ************  3.  3.  5.  3.  2.  2.  2.  2.  3.  3.  3.  4.  3.  3.  3.  2.  2.  2.  2.  2.  2.  2.  3.  3.  4.  4.  5.  6.  3.  3.  3.  7.  8.  8.  8.  8.  7.  7.  8.  8.  8.  8.  8.  9.  9.  9.  9.  9.  9.  9.  9.  9.  9.  9.  9.  9. 10. 10. 10. 10. 10. 10. 10. 10. 10. 10. 10. 10. 10. 10. 11. 11. 11. 11. 11. 11. 11. 11. 11. 11. 12. 12. 12. 12. 12. 12. 12. 12. 11. 11. 11.  5.****************************************
   11 ************************  3.  3.  3.  3.  2.****************  3.  3.  3.  3.  3.  3.  2.  2.  2.  2.  2.  2.  3.  3.  4.********************  7.  7.  7.  7.  6.  6.  7.  7.  7.  7.  7.  8.  8.  8.  8.  9.  9.  9.  9.  9.  8.  8.  8.  8.  8.  9.  9.  9.  9.  9.  9.  9.  9.  9.  9.  9. 10. 10. 10. 10. 10. 10. 10. 10. 11. 11. 11. 11. 11. 11. 11. 11. 11. 11. 11. 11. 11. 11. 10.  5.****************************************
   10 ************************************************************************************  2.  2.  2.  2.  2.  2.  2.  2.****************************  3.  6.  6.  6.  6.  6.  6.  6.  6.  7.  7.  7.  7.  8.  8.  8.  8.  8.  8.  8.  8.  8.  8.  8.  8.  8.  8.  8.  8.  8.  8.  8.  8.  9.  9.  9.  9.  9.  9.  9.  9.  9.  9.  9.  9. 10. 10. 10. 10. 10. 10. 10. 10. 10. 10. 10. 10.  7.********************************************
    9 ****************************************************************************************************************************************************  5.  5.  5.  5.  5.  5.  6.  6.  6.  6.  6.  7.  7.  7.  7.  7.  8.  8.  8.  8.  8.  8.  8.  8.  8.  8.  8.  8.  8.  8.  8.  8.  8.  8.  8.  8.  8.  8.  8.  8.  8.  8.  8.  8.  9.  9.  9.  9.  9.  9.  9.  9.  9.  9.  9.  7.************************************************
    8 ********************************************************************************************************************************************************  5.  4.  4.  4.  5.  5.  5.  5.  6.  6.  6.  6.  6.  7.  7.  7.  7.  7.  7.  7.  7.  8.  8.  8.  8.  8.  8.  8.  8.  8.  8.  8.  8.  8.  8.  8.  8.  8.  8.  8.  8.  8.  8.  8.  8.  8.  8.  8.  8.  8.  8.  8.  8.  7.****************************************************
    7 ************************************************************************************************************************************************************  4.  4.  4.  4.  4.  5.  5.  5.  5.  5.  6.  6.  6.  6.  6.  7.  7.  7.  7.  7.  7.  7.  7.  7.  7.  7.  7.  7.  8.  8.  8.  8.  8.  8.  8.  8.  8.  8.  8.  8.  8.  8.  8.  8.  8.  8.  8.  8.  7.  7.  7.  7.********************************************************
    6 ************************************************************************************************************************************************************  4.  3.  3.  4.  4.  4.  4.  4.  5.  5.  5.  5.  5.  6.  6.  6.  6.  6.  6.  7.  7.  7.  7.  7.  7.  7.  7.  7.  7.  7.  7.  7.  7.  7.  8.  8.  8.  7.  7.  7.  7.  7.  7.  8.  8.  8.  8.  8.  8.  7.  7.  6.********************************************************
    5 ****************************************************************************************************************************************************************  3.  3.  3.  3.  4.  4.  4.  4.  4.  4.  5.  5.  5.  5.  5.  6.  6.  6.  6.  6.  6.  6.  6.  6.  6.  6.  7.  7.  7.  7.  7.  7.  7.  7.  7.  7.  7.  7.  7.  7.  7.  7.  7.  7.  8.  8.  8.  8.  7.****************************************************************
    4 ********************************************************************************************************************************************************************  3.  3.  3.  3.  3.  3.  4.  4.  4.  4.  4.  4.  4.  5.  5.  5.  5.  6.  6.  6.  6.  6.  6.  6.  6.  6.  6.  6.  6.  6.  6.  7.  7.  7.  7.  7.  7.  7.  7.  7.  6.  7.  8.************************************************************************************
    3 ************************************************************************************************************************************************************************  2.  2.  3.  3.  3.  3.  3.  4.  4.  4.  4.  4.  4.  4.  4.  5.  5.  5.  5.  5.  6.  6.  6.  6.  6.  6.  6.  6.  6.  5.  6.  6.  7.  7.  7.  7.  7.  8.****************************************************************************************************
    2 ********************************************************************************************************************************************************************************  2.  3.  3.****  3.  3.  3.  4.  4.  4.  4.  4.  4.  4.  4.  4.  4.  5.  5.  5.  5.  5.  5.  5.  5.  5.  5.  5.  5.  5.  6.  6.  7.  8.************************************************************************************************************
    1 ************************************************************************************************************************************************************************************************************************  3.  3.  4.  4.  4.  4.  4.  4.  5.  5.  5.  5.  5.  5.  5.  5.  5.  5.  5.  6.****************************************************************************************************************************
    0 ****************************************************************************************************************************************************************************************************************************************  3.  3.  4.  4.  5.  5.  5.  5.  5.  5.  5.  5.  5.  5.  4.  5.****************************************************************************************************************************
